ADCIRC
2016 1057
1 186.693 383.499 0.000
2 188.265 392.259 0.000
3 187.211 374.007 0.000
4 192.634 401.260 0.000
5 190.980 364.740 0.000
6 197.003 410.260 0.000
7 194.750 355.473 0.000
8 218.020 382.573 0.000
9 219.779 382.733 0.000
10 222.336 383.053 0.000
11 225.293 383.372 0.000
12 201.372 419.260 0.000
13 198.520 346.206 0.000
14 228.890 383.292 0.000
15 232.327 383.053 0.000
16 205.741 428.260 0.000
17 202.289 336.938 0.000
18 235.923 382.733 0.000
19 238.960 382.093 0.000
20 242.157 381.374 0.000
21 236.563 358.596 0.000
22 212.028 434.543 0.000
23 234.644 352.522 0.000
24 239.600 360.194 0.000
25 206.059 327.671 0.000
26 244.555 361.153 0.000
27 238.481 348.525 0.000
28 221.104 437.663 0.000
29 249.510 360.994 0.000
30 241.518 345.169 0.000
31 210.390 318.745 0.000
32 229.861 440.463 0.000
33 253.506 357.797 0.000
34 245.994 343.250 0.000
35 255.265 353.481 0.000
36 251.428 344.529 0.000
37 255.425 348.845 0.000
38 216.883 311.133 0.000
39 239.737 442.065 0.000
40 249.612 443.666 0.000
41 223.375 303.522 0.000
42 259.488 445.268 0.000
43 229.867 295.910 0.000
44 269.363 446.869 0.000
45 236.360 288.298 0.000
46 279.239 448.470 0.000
47 291.231 429.728 0.000
48 242.852 280.686 0.000
49 296.186 427.171 0.000
50 301.141 424.453 0.000
51 289.120 449.893 0.000
52 306.896 421.736 0.000
53 249.345 273.074 0.000
54 310.572 419.178 0.000
55 299.079 448.934 0.000
56 315.527 417.260 0.000
57 319.364 415.342 0.000
58 256.007 265.643 0.000
59 309.037 447.974 0.000
60 323.999 413.584 0.000
61 325.438 406.550 0.000
62 330.873 403.193 0.000
63 328.795 417.100 0.000
64 263.976 259.594 0.000
65 318.995 447.014 0.000
66 334.869 417.580 0.000
67 338.705 404.952 0.000
68 328.954 446.054 0.000
69 271.945 253.545 0.000
70 336.308 340.693 0.000
71 340.624 414.383 0.000
72 342.062 408.309 0.000
73 338.912 445.094 0.000
74 345.899 340.693 0.000
75 279.914 247.496 0.000
76 348.871 444.134 0.000
77 287.883 241.448 0.000
78 356.768 341.332 0.000
79 358.829 443.175 0.000
80 296.651 237.157 0.000
81 367.318 341.013 0.000
82 368.788 442.215 0.000
83 305.041 232.682 0.000
84 378.188 341.013 0.000
85 315.032 232.151 0.000
86 377.870 438.784 0.000
87 385.710 433.311 0.000
88 325.022 231.621 0.000
89 390.017 341.013 0.000
90 393.270 426.759 0.000
91 335.013 231.090 0.000
92 400.830 420.207 0.000
93 345.003 230.560 0.000
94 408.391 413.654 0.000
95 354.994 230.029 0.000
96 415.951 407.102 0.000
97 364.879 231.009 0.000
98 423.511 400.550 0.000
99 374.699 232.920 0.000
100 431.072 393.997 0.000
101 384.520 234.832 0.000
102 438.632 387.445 0.000
103 394.340 236.743 0.000
104 442.288 378.341 0.000
105 445.253 368.786 0.000
106 404.160 238.654 0.000
107 448.219 359.231 0.000
108 451.184 349.676 0.000
109 413.980 240.566 0.000
110 454.148 340.121 0.000
111 457.083 330.557 0.000
112 423.801 242.477 0.000
113 460.017 320.992 0.000
114 432.262 245.907 0.000
115 462.952 311.428 0.000
116 440.797 250.162 0.000
117 446.133 258.626 0.000
118 451.468 267.089 0.000
119 456.804 275.552 0.000
120 465.887 301.863 0.000
121 464.917 292.638 0.000
122 462.139 284.015 0.000
123 283.121 386.549 0.000
124 292.780 310.351 0.000
125 220.698 365.257 0.000
126 289.384 351.593 0.000
127 367.607 379.673 0.000
128 246.897 412.672 0.000
129 341.606 285.777 0.000
130 314.101 374.866 0.000
131 263.435 376.987 0.000
132 392.857 289.455 0.000
133 227.436 404.079 0.000
134 296.623 403.351 0.000
135 272.198 408.658 0.000
136 255.871 313.468 0.000
137 340.005 378.556 0.000
138 218.171 396.030 0.000
139 255.612 395.313 0.000
140 274.779 331.236 0.000
141 306.094 275.522 0.000
142 371.019 408.228 0.000
143 422.178 315.682 0.000
144 233.573 370.441 0.000
145 269.842 361.938 0.000
146 240.507 396.962 0.000
147 401.818 373.584 0.000
148 234.045 324.574 0.000
149 368.335 266.203 0.000
150 353.906 393.108 0.000
151 323.872 311.780 0.000
152 311.092 403.591 0.000
153 300.645 386.655 0.000
154 366.738 308.046 0.000
155 219.686 374.006 0.000
156 203.449 375.294 0.000
157 205.132 388.533 0.000
158 290.780 370.217 0.000
159 272.111 290.325 0.000
160 223.575 338.056 0.000
161 313.704 349.331 0.000
162 417.916 271.919 0.000
163 420.465 346.191 0.000
164 251.585 372.921 0.000
165 269.683 390.401 0.000
166 286.664 415.147 0.000
167 273.663 427.000 0.000
168 277.037 374.172 0.000
169 329.550 259.852 0.000
170 300.226 331.157 0.000
171 282.916 400.558 0.000
172 440.309 297.043 0.000
173 226.933 393.254 0.000
174 320.240 389.864 0.000
175 271.213 345.887 0.000
176 386.116 393.005 0.000
177 242.251 372.213 0.000
178 328.675 361.856 0.000
179 357.886 414.905 0.000
180 252.263 328.800 0.000
181 252.451 385.129 0.000
182 232.435 424.088 0.000
183 394.342 261.763 0.000
184 354.741 362.497 0.000
185 318.737 433.139 0.000
186 394.847 317.193 0.000
187 302.974 411.584 0.000
188 218.417 388.643 0.000
189 226.810 375.345 0.000
190 260.763 419.047 0.000
191 346.345 317.602 0.000
192 220.432 350.969 0.000
193 211.746 376.907 0.000
194 261.547 367.500 0.000
195 351.511 251.896 0.000
196 384.028 359.982 0.000
197 282.534 362.082 0.000
198 309.754 297.991 0.000
199 228.411 363.079 0.000
200 291.474 393.858 0.000
201 283.981 271.659 0.000
202 308.155 253.448 0.000
203 208.214 366.698 0.000
204 337.433 391.954 0.000
205 304.380 365.053 0.000
206 424.787 367.810 0.000
207 274.376 313.424 0.000
208 213.993 410.287 0.000
209 362.016 286.350 0.000
210 421.416 293.650 0.000
211 261.738 338.989 0.000
212 234.808 390.572 0.000
213 241.692 388.932 0.000
214 319.666 332.807 0.000
215 345.072 429.169 0.000
216 258.988 407.983 0.000
217 246.958 427.195 0.000
218 436.480 329.467 0.000
219 253.825 295.786 0.000
220 331.717 431.349 0.000
221 235.946 376.556 0.000
222 370.892 423.929 0.000
223 239.802 333.932 0.000
224 322.656 283.460 0.000
225 303.770 395.942 0.000
226 293.012 291.104 0.000
227 219.289 378.374 0.000
228 368.109 394.342 0.000
229 327.418 377.461 0.000
230 270.936 381.633 0.000
231 261.304 387.153 0.000
232 435.959 276.321 0.000
233 387.628 409.583 0.000
234 239.904 307.378 0.000
235 292.482 381.295 0.000
236 405.699 391.700 0.000
237 301.298 376.408 0.000
238 287.796 338.003 0.000
239 226.390 369.248 0.000
240 354.270 379.176 0.000
241 347.052 399.386 0.000
242 238.442 366.590 0.000
243 273.655 399.328 0.000
244 351.753 272.172 0.000
245 207.598 400.242 0.000
246 307.754 317.419 0.000
247 409.419 330.055 0.000
248 268.767 370.939 0.000
249 233.054 340.815 0.000
250 308.165 431.878 0.000
251 212.109 386.130 0.000
252 295.492 417.524 0.000
253 380.605 251.534 0.000
254 338.934 301.892 0.000
255 441.793 312.098 0.000
256 404.728 354.742 0.000
257 261.963 358.727 0.000
258 378.942 321.738 0.000
259 356.878 404.067 0.000
260 238.028 407.018 0.000
261 310.093 411.843 0.000
262 223.291 388.064 0.000
263 263.407 324.725 0.000
264 310.370 389.683 0.000
265 301.371 345.805 0.000
266 286.865 323.742 0.000
267 289.300 405.578 0.000
268 341.564 356.033 0.000
269 248.935 402.186 0.000
270 292.899 257.734 0.000
271 277.117 354.762 0.000
272 246.495 376.762 0.000
273 429.828 260.084 0.000
274 218.550 423.101 0.000
275 265.289 398.854 0.000
276 209.072 355.400 0.000
277 379.613 278.359 0.000
278 361.298 324.636 0.000
279 317.053 363.132 0.000
280 322.377 423.417 0.000
281 409.836 256.346 0.000
282 261.624 431.626 0.000
283 382.261 377.689 0.000
284 382.999 303.808 0.000
285 283.104 424.134 0.000
286 282.555 435.221 0.000
287 277.854 393.124 0.000
288 280.681 408.710 0.000
289 277.372 417.090 0.000
290 419.170 383.510 0.000
291 213.100 343.006 0.000
292 283.574 379.214 0.000
293 268.657 274.871 0.000
294 332.023 324.554 0.000
295 247.534 367.974 0.000
296 357.564 427.510 0.000
297 298.208 438.042 0.000
298 221.951 325.008 0.000
299 256.667 378.443 0.000
300 317.081 407.766 0.000
301 319.048 399.544 0.000
302 368.158 366.669 0.000
303 263.147 349.610 0.000
304 322.298 246.814 0.000
305 353.415 298.941 0.000
306 223.234 378.599 0.000
307 401.578 275.340 0.000
308 245.637 319.489 0.000
309 233.090 397.841 0.000
310 280.774 301.200 0.000
311 364.638 245.890 0.000
312 435.164 351.671 0.000
313 327.193 349.785 0.000
314 337.312 247.012 0.000
315 247.936 394.032 0.000
316 264.826 303.562 0.000
317 214.915 379.736 0.000
318 404.360 300.698 0.000
319 303.744 404.467 0.000
320 281.261 343.960 0.000
321 295.903 410.250 0.000
322 295.076 361.117 0.000
323 334.126 273.131 0.000
324 317.994 269.089 0.000
325 346.409 386.692 0.000
326 231.527 378.137 0.000
327 206.259 382.456 0.000
328 325.852 296.823 0.000
329 218.466 386.077 0.000
330 341.230 366.197 0.000
331 196.587 382.492 0.000
332 247.254 385.218 0.000
333 227.573 355.839 0.000
334 228.397 347.306 0.000
335 234.296 363.937 0.000
336 351.299 408.066 0.000
337 284.776 393.608 0.000
338 254.073 367.467 0.000
339 212.822 391.417 0.000
340 275.129 366.990 0.000
341 452.843 298.571 0.000
342 380.697 418.050 0.000
343 328.639 394.355 0.000
344 225.341 414.486 0.000
345 213.614 369.919 0.000
346 241.327 376.352 0.000
347 250.429 336.589 0.000
348 379.973 398.908 0.000
349 311.555 426.730 0.000
350 285.218 371.341 0.000
351 290.562 400.869 0.000
352 231.584 330.824 0.000
353 448.872 285.744 0.000
354 400.107 403.528 0.000
355 266.552 416.941 0.000
356 366.423 354.514 0.000
357 238.385 417.013 0.000
358 215.335 358.461 0.000
359 306.541 380.309 0.000
360 258.990 282.109 0.000
361 311.734 395.991 0.000
362 297.608 396.638 0.000
363 348.399 420.106 0.000
364 228.880 312.153 0.000
365 300.477 418.181 0.000
366 290.630 386.305 0.000
367 237.659 371.753 0.000
368 258.032 372.671 0.000
369 217.815 404.488 0.000
370 278.176 386.429 0.000
371 292.201 422.997 0.000
372 427.476 302.065 0.000
373 360.887 385.989 0.000
374 230.791 388.058 0.000
375 397.056 247.346 0.000
376 312.052 341.835 0.000
377 223.549 360.028 0.000
378 422.908 331.476 0.000
379 341.915 261.470 0.000
380 376.007 294.209 0.000
381 330.424 384.790 0.000
382 238.590 386.742 0.000
383 216.472 375.916 0.000
384 381.504 268.516 0.000
385 289.861 438.743 0.000
386 223.585 399.196 0.000
387 316.623 382.151 0.000
388 231.110 358.751 0.000
389 340.723 397.029 0.000
390 376.048 385.799 0.000
391 252.310 378.531 0.000
392 321.353 370.726 0.000
393 297.656 321.711 0.000
394 222.019 392.839 0.000
395 268.965 354.841 0.000
396 200.201 366.148 0.000
397 213.716 382.888 0.000
398 301.157 354.033 0.000
399 257.459 361.737 0.000
400 294.757 300.747 0.000
401 251.953 419.464 0.000
402 238.587 431.242 0.000
403 223.912 372.858 0.000
404 406.835 287.720 0.000
405 265.938 383.520 0.000
406 269.920 376.184 0.000
407 347.580 371.447 0.000
408 429.612 288.521 0.000
409 350.452 327.920 0.000
410 243.971 297.428 0.000
411 270.741 437.992 0.000
412 318.226 321.718 0.000
413 411.349 314.611 0.000
414 420.563 255.407 0.000
415 430.659 377.476 0.000
416 268.279 404.241 0.000
417 242.971 367.058 0.000
418 278.956 378.488 0.000
419 432.756 361.855 0.000
420 392.371 380.708 0.000
421 361.194 371.430 0.000
422 230.653 374.374 0.000
423 270.336 338.320 0.000
424 410.889 364.939 0.000
425 301.526 284.604 0.000
426 313.582 306.824 0.000
427 298.865 365.740 0.000
428 394.550 363.259 0.000
429 293.812 277.206 0.000
430 311.088 241.252 0.000
431 395.856 328.897 0.000
432 245.159 327.901 0.000
433 408.458 342.828 0.000
434 255.393 413.253 0.000
435 302.964 264.780 0.000
436 215.326 333.156 0.000
437 298.663 249.380 0.000
438 352.023 351.688 0.000
439 281.284 280.999 0.000
440 264.327 392.954 0.000
441 281.500 260.252 0.000
442 335.159 313.565 0.000
443 197.434 391.665 0.000
444 375.840 352.751 0.000
445 308.169 370.077 0.000
446 365.532 417.022 0.000
447 261.697 372.317 0.000
448 260.702 331.019 0.000
449 442.791 342.388 0.000
450 296.847 389.831 0.000
451 227.119 380.788 0.000
452 250.334 389.295 0.000
453 255.405 389.553 0.000
454 350.603 240.488 0.000
455 221.322 380.011 0.000
456 231.346 366.534 0.000
457 307.911 415.380 0.000
458 351.933 282.107 0.000
459 208.811 372.939 0.000
460 335.408 372.299 0.000
461 352.383 309.369 0.000
462 358.688 260.842 0.000
463 341.056 421.939 0.000
464 362.088 276.127 0.000
465 250.929 304.740 0.000
466 447.011 325.163 0.000
467 225.036 428.814 0.000
468 266.157 409.752 0.000
469 313.316 438.735 0.000
470 255.821 401.674 0.000
471 277.381 322.133 0.000
472 220.542 369.813 0.000
473 247.035 372.200 0.000
474 345.915 393.144 0.000
475 390.568 279.105 0.000
476 283.319 355.812 0.000
477 319.852 342.396 0.000
478 432.974 318.609 0.000
479 260.462 345.122 0.000
480 293.446 344.288 0.000
481 278.563 403.407 0.000
482 226.905 386.200 0.000
483 310.327 328.392 0.000
484 325.961 436.382 0.000
485 266.514 424.157 0.000
486 388.831 352.887 0.000
487 219.092 380.704 0.000
488 246.108 380.930 0.000
489 232.993 412.010 0.000
490 337.613 436.158 0.000
491 276.348 360.693 0.000
492 265.085 313.272 0.000
493 241.517 339.223 0.000
494 416.508 304.599 0.000
495 360.660 396.569 0.000
496 346.597 412.590 0.000
497 424.907 356.027 0.000
498 319.320 258.344 0.000
499 439.230 267.135 0.000
500 289.284 364.094 0.000
501 284.429 314.307 0.000
502 420.308 282.170 0.000
503 301.613 431.361 0.000
504 265.955 365.506 0.000
505 365.704 433.574 0.000
506 330.074 290.013 0.000
507 261.636 380.838 0.000
508 234.639 386.241 0.000
509 243.008 403.105 0.000
510 221.564 376.386 0.000
511 430.373 340.153 0.000
512 303.103 306.719 0.000
513 256.375 321.402 0.000
514 352.244 435.313 0.000
515 196.911 374.005 0.000
516 340.758 332.477 0.000
517 312.281 288.103 0.000
518 234.902 379.226 0.000
519 241.364 363.795 0.000
520 446.747 277.203 0.000
521 300.524 400.666 0.000
522 379.328 426.411 0.000
523 364.521 296.518 0.000
524 371.409 330.222 0.000
525 297.964 381.079 0.000
526 278.690 337.309 0.000
527 387.377 244.995 0.000
528 373.668 372.465 0.000
529 415.426 393.630 0.000
530 224.950 365.001 0.000
531 291.393 330.180 0.000
532 210.459 418.842 0.000
533 323.604 418.794 0.000
534 220.560 384.836 0.000
535 322.956 357.301 0.000
536 256.856 425.890 0.000
537 365.131 402.402 0.000
538 278.299 397.820 0.000
539 328.055 423.622 0.000
540 408.763 381.543 0.000
541 273.115 266.214 0.000
542 204.854 360.701 0.000
543 329.239 333.932 0.000
544 369.287 254.988 0.000
545 311.132 357.974 0.000
546 222.767 345.147 0.000
547 290.812 411.293 0.000
548 210.607 380.477 0.000
549 294.649 376.030 0.000
550 215.113 364.882 0.000
551 404.009 264.865 0.000
552 254.099 339.914 0.000
553 295.220 385.728 0.000
554 215.516 387.476 0.000
555 287.008 382.985 0.000
556 287.923 376.549 0.000
557 325.468 399.709 0.000
558 452.900 308.524 0.000
559 389.332 418.389 0.000
560 315.309 412.333 0.000
561 213.849 400.601 0.000
562 254.754 435.495 0.000
563 293.387 267.726 0.000
564 304.903 390.640 0.000
565 241.082 384.828 0.000
566 306.467 408.781 0.000
567 238.420 378.661 0.000
568 414.527 354.575 0.000
569 376.035 311.437 0.000
570 300.287 408.024 0.000
571 333.622 397.321 0.000
572 252.775 407.070 0.000
573 216.392 384.555 0.000
574 343.040 277.282 0.000
575 390.483 372.179 0.000
576 396.445 394.561 0.000
577 394.231 300.265 0.000
578 269.329 396.126 0.000
579 379.128 407.549 0.000
580 264.106 294.475 0.000
581 373.419 243.829 0.000
582 427.274 271.562 0.000
583 238.003 317.032 0.000
584 343.164 402.934 0.000
585 336.949 385.484 0.000
586 384.102 331.668 0.000
587 267.544 331.333 0.000
588 239.836 423.976 0.000
589 234.975 367.247 0.000
590 323.577 383.429 0.000
591 205.301 408.816 0.000
592 362.051 409.307 0.000
593 239.103 392.478 0.000
594 332.958 355.934 0.000
595 344.491 295.068 0.000
596 247.414 288.909 0.000
597 353.177 398.971 0.000
598 260.369 354.164 0.000
599 436.266 303.556 0.000
600 334.541 424.162 0.000
601 236.266 400.797 0.000
602 307.313 400.089 0.000
603 282.505 330.208 0.000
604 284.936 430.173 0.000
605 329.887 240.454 0.000
606 438.561 286.870 0.000
607 272.590 386.350 0.000
608 353.039 386.711 0.000
609 227.474 372.432 0.000
610 281.709 413.665 0.000
611 233.281 346.343 0.000
612 272.791 298.750 0.000
613 245.153 334.867 0.000
614 231.915 304.242 0.000
615 415.320 373.007 0.000
616 410.122 279.626 0.000
617 314.437 277.829 0.000
618 409.105 400.546 0.000
619 234.303 373.948 0.000
620 314.167 421.853 0.000
621 387.129 400.250 0.000
622 397.949 410.885 0.000
623 237.261 362.690 0.000
624 284.078 405.164 0.000
625 320.558 377.564 0.000
626 287.402 397.266 0.000
627 344.917 308.696 0.000
628 347.789 361.732 0.000
629 265.906 343.902 0.000
630 285.485 410.132 0.000
631 266.021 387.875 0.000
632 369.217 318.536 0.000
633 298.963 413.500 0.000
634 216.915 380.709 0.000
635 305.882 438.858 0.000
636 385.400 314.388 0.000
637 306.647 426.528 0.000
638 272.725 373.072 0.000
639 407.209 247.729 0.000
640 293.717 406.590 0.000
641 359.873 238.612 0.000
642 416.973 323.276 0.000
643 323.984 428.882 0.000
644 276.757 411.929 0.000
645 281.848 290.981 0.000
646 279.649 369.698 0.000
647 274.191 377.717 0.000
648 243.718 378.496 0.000
649 391.096 254.030 0.000
650 244.999 419.529 0.000
651 256.928 383.678 0.000
652 368.814 386.872 0.000
653 334.041 379.718 0.000
654 346.548 379.721 0.000
655 414.116 264.187 0.000
656 243.471 393.389 0.000
657 306.796 351.545 0.000
658 223.131 408.711 0.000
659 298.713 339.001 0.000
660 214.653 352.084 0.000
661 282.356 418.778 0.000
662 329.647 304.479 0.000
663 203.425 395.115 0.000
664 383.044 287.445 0.000
665 229.699 370.044 0.000
666 311.979 263.386 0.000
667 298.135 421.987 0.000
668 220.698 387.479 0.000
669 318.683 420.341 0.000
670 259.784 273.750 0.000
671 245.590 398.285 0.000
672 218.791 415.949 0.000
673 359.845 421.300 0.000
674 288.967 358.228 0.000
675 311.929 415.323 0.000
676 281.068 382.737 0.000
677 314.716 391.715 0.000
678 456.356 290.528 0.000
679 228.290 397.688 0.000
680 251.477 397.799 0.000
681 261.741 363.047 0.000
682 275.484 342.389 0.000
683 245.930 435.933 0.000
684 230.993 391.649 0.000
685 246.060 389.430 0.000
686 294.242 433.133 0.000
687 320.344 410.274 0.000
688 372.186 274.878 0.000
689 373.433 302.539 0.000
690 255.339 333.831 0.000
691 287.040 346.264 0.000
692 290.901 417.280 0.000
693 329.865 250.974 0.000
694 259.916 376.006 0.000
695 253.590 363.311 0.000
696 320.553 404.538 0.000
697 272.438 420.266 0.000
698 436.402 370.009 0.000
699 228.731 320.506 0.000
700 335.312 348.833 0.000
701 288.616 250.149 0.000
702 273.206 404.204 0.000
703 328.438 342.211 0.000
704 266.436 283.539 0.000
705 240.333 369.468 0.000
706 260.626 397.368 0.000
707 403.852 321.425 0.000
708 313.679 368.630 0.000
709 373.549 432.028 0.000
710 225.337 421.390 0.000
711 264.842 354.459 0.000
712 223.356 385.455 0.000
713 270.888 325.438 0.000
714 398.117 347.331 0.000
715 276.450 348.235 0.000
716 217.840 430.067 0.000
717 257.723 357.450 0.000
718 273.965 394.388 0.000
719 447.503 333.539 0.000
720 300.016 392.504 0.000
721 206.923 346.399 0.000
722 427.637 385.838 0.000
723 433.520 252.978 0.000
724 296.043 350.254 0.000
725 286.821 389.034 0.000
726 232.278 405.801 0.000
727 261.136 413.314 0.000
728 445.365 302.682 0.000
729 248.583 312.384 0.000
730 281.298 390.647 0.000
731 216.983 371.920 0.000
732 243.918 374.950 0.000
733 270.812 367.786 0.000
734 317.416 296.641 0.000
735 354.272 318.932 0.000
736 342.076 238.768 0.000
737 279.566 428.591 0.000
738 258.180 306.343 0.000
739 361.325 378.977 0.000
740 268.473 431.702 0.000
741 325.048 275.269 0.000
742 237.517 342.427 0.000
743 355.551 290.458 0.000
744 451.923 317.937 0.000
745 343.563 254.045 0.000
746 201.470 385.020 0.000
747 372.055 400.258 0.000
748 243.088 408.284 0.000
749 315.653 403.851 0.000
750 223.835 380.973 0.000
751 326.338 389.154 0.000
752 228.557 342.558 0.000
753 238.708 374.656 0.000
754 360.384 333.654 0.000
755 229.907 380.564 0.000
756 377.038 260.149 0.000
757 283.554 442.569 0.000
758 322.659 395.135 0.000
759 287.740 297.695 0.000
760 200.360 401.328 0.000
761 250.963 369.618 0.000
762 311.905 407.619 0.000
763 400.671 255.842 0.000
764 218.643 384.155 0.000
765 278.002 422.444 0.000
766 224.311 331.522 0.000
767 250.120 381.617 0.000
768 220.190 318.811 0.000
769 324.889 326.540 0.000
770 359.921 252.135 0.000
771 266.399 359.115 0.000
772 228.197 359.477 0.000
773 276.243 275.340 0.000
774 233.316 356.184 0.000
775 210.518 361.228 0.000
776 416.768 337.821 0.000
777 355.993 409.792 0.000
778 214.305 325.321 0.000
779 371.558 284.837 0.000
780 294.894 399.868 0.000
781 282.060 374.910 0.000
782 373.454 414.955 0.000
783 235.593 394.595 0.000
784 264.130 439.017 0.000
785 426.414 323.749 0.000
786 399.725 385.102 0.000
787 307.107 375.469 0.000
788 225.957 390.046 0.000
789 328.488 368.772 0.000
790 351.036 426.216 0.000
791 375.613 392.935 0.000
792 259.365 392.398 0.000
793 383.809 385.825 0.000
794 320.035 239.384 0.000
795 254.669 375.057 0.000
796 262.825 403.277 0.000
797 207.270 377.612 0.000
798 315.858 314.435 0.000
799 224.334 376.365 0.000
800 246.160 364.517 0.000
801 259.428 350.024 0.000
802 335.252 264.771 0.000
803 300.670 256.336 0.000
804 212.924 426.963 0.000
805 286.889 401.959 0.000
806 238.268 328.714 0.000
807 280.026 308.213 0.000
808 333.507 282.450 0.000
809 227.989 366.338 0.000
810 303.953 324.949 0.000
811 362.314 361.706 0.000
812 345.409 348.342 0.000
813 220.710 355.880 0.000
814 326.317 319.207 0.000
815 349.640 395.706 0.000
816 344.790 436.316 0.000
817 256.075 344.171 0.000
818 326.524 267.334 0.000
819 219.209 361.041 0.000
820 400.444 337.697 0.000
821 306.215 337.863 0.000
822 201.940 354.071 0.000
823 350.288 262.417 0.000
824 321.790 303.625 0.000
825 230.129 351.581 0.000
826 338.980 429.663 0.000
827 323.387 364.458 0.000
828 354.256 369.427 0.000
829 291.506 317.572 0.000
830 443.842 353.092 0.000
831 250.873 323.331 0.000
832 295.052 443.703 0.000
833 217.453 378.587 0.000
834 266.031 374.174 0.000
835 299.215 313.896 0.000
836 340.083 323.211 0.000
837 388.286 323.398 0.000
838 430.274 310.397 0.000
839 208.382 393.585 0.000
840 244.152 383.787 0.000
841 373.874 361.621 0.000
842 228.644 377.893 0.000
843 249.762 375.790 0.000
844 264.308 268.014 0.000
845 367.501 238.452 0.000
846 394.315 269.232 0.000
847 346.547 406.959 0.000
848 332.501 297.085 0.000
849 287.775 425.718 0.000
850 349.505 390.684 0.000
851 213.579 373.829 0.000
852 276.995 440.516 0.000
853 272.322 358.168 0.000
854 310.905 383.918 0.000
855 244.667 369.800 0.000
856 276.422 407.484 0.000
857 192.304 387.271 0.000
858 302.662 242.225 0.000
859 354.430 420.442 0.000
860 217.664 368.041 0.000
861 253.695 381.480 0.000
862 269.186 319.307 0.000
863 321.193 440.265 0.000
864 335.536 362.096 0.000
865 271.912 414.106 0.000
866 234.922 335.974 0.000
867 275.198 389.782 0.000
868 254.530 371.016 0.000
869 282.428 350.104 0.000
870 225.333 351.201 0.000
871 416.466 248.521 0.000
872 305.530 385.580 0.000
873 268.212 350.297 0.000
874 272.268 306.364 0.000
875 251.118 281.693 0.000
876 410.553 294.523 0.000
877 352.434 414.317 0.000
878 247.203 406.755 0.000
879 380.966 369.211 0.000
880 310.030 363.721 0.000
881 314.912 249.257 0.000
882 201.937 379.954 0.000
883 223.374 368.161 0.000
884 337.005 400.955 0.000
885 320.146 351.220 0.000
886 295.013 355.702 0.000
887 402.676 365.468 0.000
888 367.058 373.126 0.000
889 294.029 366.497 0.000
890 302.396 382.006 0.000
891 217.299 391.860 0.000
892 332.496 439.909 0.000
893 228.236 409.017 0.000
894 191.253 379.192 0.000
895 401.047 293.044 0.000
896 240.380 323.223 0.000
897 374.303 379.660 0.000
898 458.673 303.481 0.000
899 266.820 379.157 0.000
900 249.535 340.705 0.000
901 391.614 308.844 0.000
902 230.915 433.688 0.000
903 257.574 369.130 0.000
904 409.387 271.242 0.000
905 217.636 346.900 0.000
906 307.759 394.124 0.000
907 446.970 293.498 0.000
908 251.797 393.248 0.000
909 284.823 366.424 0.000
910 399.175 283.565 0.000
911 428.917 280.872 0.000
912 305.438 418.550 0.000
913 209.245 337.209 0.000
914 310.370 423.062 0.000
915 233.540 376.489 0.000
916 213.020 395.622 0.000
917 359.075 391.522 0.000
918 317.541 426.520 0.000
919 286.751 305.419 0.000
920 357.309 245.804 0.000
921 203.629 370.423 0.000
922 332.234 390.510 0.000
923 342.034 389.415 0.000
924 359.316 304.555 0.000
925 219.395 400.408 0.000
926 279.933 358.371 0.000
927 342.154 373.644 0.000
928 292.015 390.243 0.000
929 282.274 396.802 0.000
930 209.606 385.001 0.000
931 250.305 365.647 0.000
932 228.124 326.487 0.000
933 316.998 355.791 0.000
934 300.043 359.851 0.000
935 216.107 382.447 0.000
936 345.013 246.442 0.000
937 386.203 425.093 0.000
938 350.288 403.102 0.000
939 438.122 258.320 0.000
940 246.526 338.927 0.000
941 294.282 413.841 0.000
942 313.698 431.366 0.000
943 402.394 309.662 0.000
944 301.815 293.863 0.000
945 382.386 347.957 0.000
946 218.248 340.341 0.000
947 234.033 360.374 0.000
948 210.938 405.190 0.000
949 363.774 426.384 0.000
950 358.802 434.068 0.000
951 423.702 392.297 0.000
952 209.610 388.933 0.000
953 360.636 314.333 0.000
954 385.828 295.037 0.000
955 272.526 351.746 0.000
956 248.879 332.114 0.000
957 369.521 348.113 0.000
958 240.980 379.128 0.000
959 300.022 404.344 0.000
960 275.332 433.504 0.000
961 274.179 282.956 0.000
962 426.048 249.573 0.000
963 221.352 378.342 0.000
964 236.996 369.100 0.000
965 440.707 320.258 0.000
966 432.011 295.727 0.000
967 278.603 364.946 0.000
968 393.385 403.829 0.000
969 313.367 399.956 0.000
970 236.346 299.047 0.000
971 413.854 287.263 0.000
972 237.073 380.667 0.000
973 287.167 420.676 0.000
974 232.917 380.742 0.000
975 218.833 376.395 0.000
976 230.298 417.599 0.000
977 427.727 348.511 0.000
978 224.080 395.541 0.000
979 343.675 268.659 0.000
980 248.959 378.726 0.000
981 307.761 405.103 0.000
982 225.715 378.277 0.000
983 321.656 291.008 0.000
984 231.472 401.241 0.000
985 422.735 376.257 0.000
986 358.504 268.663 0.000
987 310.694 270.121 0.000
988 288.565 433.399 0.000
989 418.005 362.500 0.000
990 335.757 255.886 0.000
991 258.899 300.299 0.000
992 258.147 288.855 0.000
993 308.342 281.685 0.000
994 302.417 420.981 0.000
995 357.359 356.208 0.000
996 293.019 403.251 0.000
997 221.027 390.036 0.000
998 289.244 282.759 0.000
999 299.557 273.968 0.000
1000 305.765 357.458 0.000
1001 265.371 369.369 0.000
1002 303.463 415.228 0.000
1003 386.369 261.309 0.000
1004 360.776 348.660 0.000
1005 459.735 297.416 0.000
1006 236.118 365.215 0.000
1007 349.022 290.010 0.000
1008 287.603 264.554 0.000
1009 306.171 412.436 0.000
1010 256.842 326.935 0.000
1011 269.601 400.187 0.000
1012 344.489 417.109 0.000
1013 337.582 292.157 0.000
1014 314.571 387.466 0.000
1015 422.354 264.797 0.000
1016 198.384 360.544 0.000
1017 229.600 336.926 0.000
1018 288.012 393.043 0.000
1019 454.744 282.504 0.000
1020 316.961 395.368 0.000
1021 313.493 335.951 0.000
1022 244.172 386.622 0.000
1023 311.055 379.343 0.000
1024 261.423 318.586 0.000
1025 331.565 420.715 0.000
1026 302.660 370.678 0.000
1027 237.825 384.295 0.000
1028 295.030 393.388 0.000
1029 237.790 389.645 0.000
1030 351.068 335.536 0.000
1031 231.656 362.089 0.000
1032 251.517 317.690 0.000
1033 342.514 383.502 0.000
1034 275.215 370.441 0.000
1035 239.878 411.399 0.000
1036 396.047 355.636 0.000
1037 275.986 382.226 0.000
1038 297.047 370.928 0.000
1039 392.457 388.173 0.000
1040 221.211 381.788 0.000
1041 292.223 397.254 0.000
1042 296.933 406.625 0.000
1043 230.726 385.238 0.000
1044 380.881 241.364 0.000
1045 257.321 365.575 0.000
1046 301.610 443.308 0.000
1047 406.238 406.963 0.000
1048 308.028 345.276 0.000
1049 441.441 362.045 0.000
1050 222.599 403.320 0.000
1051 363.734 390.888 0.000
1052 346.853 302.482 0.000
1053 293.573 336.326 0.000
1054 294.372 243.604 0.000
1055 324.299 337.836 0.000
1056 273.640 363.525 0.000
1057 268.982 385.782 0.000
1 3 425 141 999
2 3 226 425 998
3 3 429 425 999
4 3 998 425 429
5 3 507 899 131
6 3 400 512 944
7 3 437 202 858
8 3 858 202 430
9 3 413 494 943
10 3 945 444 196
11 3 923 389 474
12 3 512 198 944
13 3 779 209 523
14 3 494 318 943
15 3 372 494 838
16 3 378 776 511
17 3 753 619 221
18 3 405 899 507
19 3 776 163 511
20 3 838 494 143
21 3 204 389 923
22 3 248 638 733
23 3 486 945 196
24 3 38 364 41
25 3 380 779 523
26 3 744 111 113
27 3 211 423 587
28 3 38 768 364
29 3 96 98 529
30 3 304 498 693
31 3 96 529 618
32 3 138 978 394
33 3 193 317 383
34 3 211 587 448
35 3 460 864 789
36 3 176 791 348
37 3 374 482 788
38 3 222 342 782
39 3 128 401 434
40 3 181 332 452
41 3 190 434 401
42 3 62 571 557
43 3 155 403 472
44 3 470 796 706
45 3 466 111 744
46 3 206 415 698
47 3 493 866 742
48 3 246 483 412
49 3 206 698 419
50 3 102 104 415
51 3 182 902 402
52 3 103 375 106
53 3 292 556 781
54 3 368 447 903
55 3 864 330 268
56 3 343 557 571
57 3 222 522 342
58 3 132 475 664
59 3 123 370 730
60 3 126 869 476
61 3 733 638 1034
62 3 210 372 966
63 3 182 467 902
64 3 47 49 371
65 3 788 262 997
66 3 356 811 841
67 3 158 909 350
68 3 147 615 424
69 3 238 320 691
70 3 995 628 184
71 3 155 510 403
72 3 201 441 541
73 3 208 658 369
74 3 423 682 526
75 3 165 440 578
76 3 725 555 123
77 3 292 555 556
78 3 367 619 753
79 3 350 781 556
80 3 484 863 68
81 3 238 526 320
82 3 903 447 194
83 3 830 312 1049
84 3 723 962 273
85 3 355 468 727
86 3 219 410 465
87 3 210 966 408
88 3 176 793 791
89 3 266 531 393
90 3 177 753 346
91 3 144 619 367
92 3 599 838 255
93 3 173 679 684
94 3 241 474 389
95 3 149 688 384
96 3 67 584 884
97 3 198 512 426
98 3 170 393 531
99 3 309 684 679
100 3 188 554 891
101 3 522 709 87
102 3 384 846 1003
103 3 199 377 530
104 3 142 579 747
105 3 123 676 370
106 3 268 330 628
107 3 169 693 498
108 3 108 110 449
109 3 421 811 828
110 3 374 788 684
111 3 163 433 568
112 3 140 423 526
113 3 147 540 615
114 3 161 477 376
115 3 236 529 540
116 3 308 729 583
117 3 302 841 811
118 3 216 796 470
119 3 233 579 342
120 3 303 873 629
121 3 376 477 1021
122 3 290 540 529
123 3 218 378 511
124 3 158 350 556
125 3 277 475 384
126 3 211 817 479
127 3 311 544 581
128 3 1049 312 419
129 3 370 867 730
130 3 962 414 273
131 3 74 812 78
132 3 407 828 628
133 3 234 465 410
134 3 78 812 438
135 3 190 536 485
136 3 138 386 978
137 3 190 355 727
138 3 253 581 544
139 3 277 384 688
140 3 303 629 479
141 3 124 512 400
142 3 333 388 774
143 3 384 475 846
144 3 811 184 828
145 3 1035 357 128
146 3 255 838 478
147 3 235 556 555
148 3 234 364 583
149 3 243 538 718
150 3 69 441 75
151 3 251 339 554
152 3 210 494 372
153 3 256 568 433
154 3 366 555 725
155 3 187 566 570
156 3 357 489 976
157 3 252 667 365
158 3 287 730 867
159 3 277 664 475
160 3 156 921 515
161 3 126 691 869
162 3 268 628 438
163 3 413 707 642
164 3 365 667 994
165 3 282 562 784
166 3 75 441 701
167 3 330 407 628
168 3 944 198 517
169 3 87 709 86
170 3 60 61 687
171 3 231 405 507
172 3 198 426 734
173 3 330 864 460
174 3 233 342 559
175 3 42 784 562
176 3 209 779 464
177 3 196 575 428
178 3 282 485 536
179 3 425 944 517
180 3 196 428 486
181 3 108 449 830
182 3 208 591 532
183 3 267 996 351
184 3 201 541 773
185 3 333 813 377
186 3 27 742 611
187 3 275 578 440
188 3 551 904 655
189 3 236 576 354
190 3 281 551 655
191 3 217 650 588
192 3 102 415 722
193 3 333 870 813
194 3 287 929 730
195 3 181 767 332
196 3 181 452 453
197 3 203 396 921
198 3 504 771 681
199 3 552 817 211
200 3 182 357 976
201 3 252 371 667
202 3 103 527 375
203 3 238 531 603
204 3 177 367 753
205 3 528 879 841
206 3 234 583 729
207 3 11 482 14
208 3 356 841 444
209 3 155 731 383
210 3 214 412 483
211 3 438 628 995
212 3 217 401 650
213 3 464 779 688
214 3 208 672 658
215 3 214 1021 477
216 3 244 458 464
217 3 39 402 902
218 3 12 532 591
219 3 241 389 584
220 3 348 747 579
221 3 223 613 432
222 3 135 468 865
223 3 178 789 864
224 3 190 485 355
225 3 148 583 699
226 3 273 582 499
227 3 215 363 463
228 3 223 866 493
229 3 130 392 708
230 3 148 352 806
231 3 252 692 371
232 3 135 416 468
233 3 149 544 462
234 3 299 651 507
235 3 316 738 492
236 3 440 792 706
237 3 312 497 419
238 3 326 422 842
239 3 27 30 742
240 3 267 351 805
241 3 143 413 642
242 3 357 650 128
243 3 91 605 736
244 3 143 494 413
245 3 182 402 588
246 3 217 562 536
247 3 287 718 538
248 3 275 440 706
249 3 209 464 458
250 3 236 354 618
251 3 795 164 843
252 3 187 570 633
253 3 426 824 734
254 3 189 842 422
255 3 144 367 964
256 3 177 346 732
257 3 158 500 909
258 3 390 791 793
259 3 171 481 624
260 3 178 594 535
261 3 216 572 434
262 3 232 499 582
263 3 949 446 673
264 3 292 781 418
265 3 299 861 651
266 3 369 561 948
267 3 5 515 396
268 3 83 430 85
269 3 391 795 843
270 3 136 492 738
271 3 206 419 497
272 3 146 783 601
273 3 69 541 441
274 3 302 528 841
275 3 340 733 1034
276 3 218 785 378
277 3 240 608 373
278 3 118 499 520
279 3 84 586 524
280 3 242 417 519
281 3 217 536 401
282 3 210 408 502
283 3 74 1030 516
284 3 229 789 392
285 3 21 623 24
286 3 389 884 584
287 3 280 918 643
288 3 49 667 371
289 3 106 375 639
290 3 291 721 660
291 3 319 570 566
292 3 239 883 403
293 3 240 421 828
294 3 199 772 377
295 3 134 521 780
296 3 355 865 468
297 3 11 712 482
298 3 197 674 476
299 3 159 612 645
300 3 168 418 781
301 3 161 376 1048
302 3 234 614 364
303 3 190 401 536
304 3 240 828 407
305 3 33 695 399
306 3 32 39 902
307 3 309 783 684
308 3 203 542 396
309 3 197 500 674
310 3 24 519 26
311 3 217 588 402
312 3 225 362 521
313 3 204 571 389
314 3 246 810 483
315 3 66 463 71
316 3 247 642 707
317 3 229 590 381
318 3 218 511 449
319 3 132 910 475
320 3 162 502 582
321 3 125 530 377
322 3 890 359 237
323 3 68 863 65
324 3 258 632 524
325 3 383 731 851
326 3 246 426 512
327 3 150 597 495
328 3 259 938 336
329 3 261 762 566
330 3 191 836 409
331 3 142 592 446
332 3 270 701 441
333 3 79 82 505
334 3 403 883 472
335 3 443 760 663
336 3 279 708 392
337 3 309 601 783
338 3 288 624 481
339 3 2 4 443
340 3 29 800 931
341 3 176 348 621
342 3 352 866 806
343 3 79 505 950
344 3 224 808 741
345 3 138 925 386
346 3 278 409 754
347 3 228 495 537
348 3 251 573 397
349 3 235 555 366
350 3 140 603 471
351 3 93 454 95
352 3 23 27 611
353 3 145 771 504
354 3 117 499 118
355 3 11 14 451
356 3 409 516 1030
357 3 216 470 572
358 3 183 1003 846
359 3 160 766 436
360 3 264 906 361
361 3 304 881 498
362 3 223 806 866
363 3 321 633 570
364 3 252 365 633
365 3 156 515 882
366 3 231 792 440
367 3 310 645 612
368 3 278 524 632
369 3 394 788 997
370 3 128 650 401
371 3 235 366 553
372 3 276 775 358
373 3 337 730 929
374 3 211 448 690
375 3 189 403 799
376 3 21 947 623
377 3 30 34 493
378 3 375 649 763
379 3 276 660 721
380 3 370 676 1037
381 3 149 384 756
382 3 61 696 687
383 3 128 434 572
384 3 45 410 596
385 3 92 622 559
386 3 218 449 719
387 3 260 726 489
388 3 313 535 594
389 3 18 518 974
390 3 298 436 766
391 3 226 400 944
392 3 147 428 575
393 3 364 699 583
394 3 312 449 511
395 3 183 763 649
396 3 439 961 645
397 3 396 515 921
398 3 157 746 443
399 3 130 625 392
400 3 129 458 574
401 3 153 450 720
402 3 70 700 812
403 3 254 442 627
404 3 170 810 393
405 3 51 385 757
406 3 222 446 949
407 3 182 588 357
408 3 231 453 792
409 3 229 460 789
410 3 242 705 417
411 3 300 687 696
412 3 90 92 559
413 3 314 736 605
414 3 40 42 562
415 3 173 788 394
416 3 247 378 642
417 3 208 369 948
418 3 302 811 421
419 3 218 719 466
420 3 961 159 645
421 3 174 590 387
422 3 832 385 51
423 3 191 627 442
424 3 237 359 787
425 3 335 456 589
426 3 362 780 521
427 3 266 393 829
428 3 566 762 981
429 3 244 574 458
430 3 174 387 1014
431 3 312 830 449
432 3 219 465 991
433 3 193 851 459
434 3 229 392 625
435 3 584 847 938
436 3 4 760 443
437 3 53 875 670
438 3 220 484 892
439 3 196 879 575
440 3 284 954 380
441 3 220 892 490
442 3 131 694 507
443 3 203 459 345
444 3 247 776 378
445 3 299 507 694
446 3 416 796 468
447 3 258 524 586
448 3 189 609 403
449 3 322 427 934
450 3 8 9 487
451 3 147 575 420
452 3 284 380 689
453 3 403 510 799
454 3 81 84 524
455 3 171 538 481
456 3 170 821 483
457 3 15 18 974
458 3 283 420 575
459 3 266 501 471
460 3 294 543 516
461 3 231 440 631
462 3 360 670 875
463 3 333 774 825
464 3 216 434 727
465 3 153 720 564
466 3 70 516 543
467 3 201 429 563
468 3 259 495 597
469 3 144 665 422
470 3 141 425 993
471 3 270 437 701
472 3 348 579 621
473 3 283 793 420
474 3 317 397 935
475 3 462 544 770
476 3 205 427 1026
477 3 264 361 677
478 3 299 795 391
479 3 177 705 367
480 3 316 492 874
481 3 226 944 425
482 3 133 679 386
483 3 282 536 562
484 3 54 675 457
485 3 70 812 74
486 3 70 74 516
487 3 241 584 938
488 3 142 537 592
489 3 554 573 251
490 3 291 660 905
491 3 160 436 946
492 3 224 506 808
493 3 15 508 18
494 3 50 994 667
495 3 191 409 735
496 3 41 364 614
497 3 201 1008 441
498 3 251 930 952
499 3 157 930 327
500 3 222 782 446
501 3 221 518 567
502 3 201 998 429
503 3 124 400 919
504 3 219 596 410
505 3 175 423 629
506 3 418 1037 676
507 3 238 603 526
508 3 240 373 739
509 3 184 628 828
510 3 115 558 744
511 3 240 739 421
512 3 212 508 374
513 3 225 720 362
514 3 807 310 874
515 3 266 471 603
516 3 47 371 849
517 3 64 541 69
518 3 234 410 970
519 3 148 932 352
520 3 452 908 453
521 3 596 992 875
522 3 205 1026 445
523 3 211 629 423
524 3 232 520 499
525 3 113 115 744
526 3 270 563 435
527 3 207 471 501
528 3 292 418 676
529 3 928 725 1018
530 3 201 439 998
531 3 185 643 918
532 3 164 761 473
533 3 54 457 912
534 3 179 446 592
535 3 190 727 434
536 3 430 881 794
537 3 287 538 929
538 3 232 911 606
539 3 82 709 505
540 3 502 911 582
541 3 353 520 606
542 3 230 899 405
543 3 33 399 717
544 3 501 919 807
545 3 325 608 654
546 3 195 745 823
547 3 50 637 52
548 3 230 406 899
549 3 131 447 694
550 3 188 329 554
551 3 339 891 554
552 3 243 481 538
553 3 273 414 1015
554 3 71 496 72
555 3 361 906 602
556 3 257 399 681
557 3 322 889 427
558 3 408 606 911
559 3 409 836 516
560 3 250 503 635
561 3 89 431 586
562 3 124 919 501
563 3 232 606 520
564 3 310 612 874
565 3 331 882 515
566 3 165 631 440
567 3 331 443 746
568 3 263 448 587
569 3 379 823 745
570 3 326 915 422
571 3 12 16 532
572 3 465 738 991
573 3 175 682 423
574 3 144 589 456
575 3 226 759 400
576 3 321 640 547
577 3 200 626 1041
578 3 313 700 703
579 3 217 402 683
580 3 358 550 819
581 3 246 393 810
582 3 49 503 50
583 3 82 86 709
584 3 256 424 568
585 3 250 469 942
586 3 304 794 881
587 3 141 987 435
588 3 3 515 5
589 3 409 1030 754
590 3 240 407 654
591 3 363 877 496
592 3 278 735 409
593 3 266 603 531
594 3 223 432 806
595 3 335 1031 456
596 3 368 694 447
597 3 185 484 643
598 3 259 336 777
599 3 216 468 796
600 3 205 934 427
601 3 92 94 622
602 3 366 725 928
603 3 180 432 956
604 3 127 373 652
605 3 189 422 609
606 3 267 547 640
607 3 330 927 407
608 3 214 477 1055
609 3 192 813 870
610 3 261 457 675
611 3 259 537 495
612 3 233 621 579
613 3 127 739 373
614 3 297 686 385
615 3 130 387 625
616 3 333 772 388
617 3 202 435 666
618 3 215 790 363
619 3 221 567 753
620 3 28 902 467
621 3 360 704 670
622 3 9 10 1040
623 3 211 690 552
624 3 297 635 503
625 3 177 855 705
626 3 31 778 768
627 3 137 460 653
628 3 363 859 877
629 3 185 942 469
630 3 151 442 662
631 3 37 801 479
632 3 147 424 887
633 3 214 769 412
634 3 104 698 415
635 3 229 381 653
636 3 294 836 442
637 3 334 611 752
638 3 294 442 814
639 3 144 456 665
640 3 54 620 56
641 3 200 1018 626
642 3 305 1052 461
643 3 231 631 405
644 3 23 611 825
645 3 318 494 876
646 3 246 835 393
647 3 272 473 732
648 3 249 752 611
649 3 157 443 663
650 3 272 843 473
651 3 151 814 442
652 3 164 473 843
653 3 139 453 908
654 3 176 621 576
655 3 946 436 291
656 3 254 662 442
657 3 238 691 480
658 3 130 1023 387
659 3 269 572 470
660 3 168 647 418
661 3 247 431 820
662 3 293 670 704
663 3 180 831 432
664 3 45 970 410
665 3 220 643 484
666 3 356 444 957
667 3 227 487 455
668 3 118 520 119
669 3 246 412 798
670 3 94 1047 622
671 3 57 533 60
672 3 147 420 786
673 3 225 602 906
674 3 9 1040 487
675 3 417 705 855
676 3 324 818 498
677 3 349 914 637
678 3 85 430 794
679 3 124 835 512
680 3 317 833 383
681 3 229 653 460
682 3 248 834 406
683 3 319 602 521
684 3 248 406 638
685 3 29 695 33
686 3 345 459 851
687 3 66 600 463
688 3 169 498 818
689 3 257 717 399
690 3 375 763 639
691 3 247 707 431
692 3 262 482 712
693 3 196 444 841
694 3 144 422 619
695 3 174 1020 758
696 3 203 345 550
697 3 153 553 450
698 3 182 710 467
699 3 204 585 922
700 3 9 534 10
701 3 54 56 675
702 3 196 841 879
703 3 250 349 637
704 3 361 602 969
705 3 268 438 812
706 3 11 451 750
707 3 279 392 827
708 3 276 542 775
709 3 63 533 539
710 3 191 442 836
711 3 323 979 802
712 3 489 726 893
713 3 382 508 1029
714 3 455 1040 750
715 3 6 12 591
716 3 344 672 710
717 3 142 782 579
718 3 317 548 397
719 3 179 673 446
720 3 246 798 426
721 3 193 383 851
722 3 298 778 436
723 3 147 887 428
724 3 306 750 982
725 3 175 629 873
726 3 408 966 606
727 3 130 445 787
728 3 228 537 747
729 3 95 454 641
730 3 323 574 979
731 3 172 606 966
732 3 235 525 549
733 3 193 459 797
734 3 177 732 473
735 3 239 403 609
736 3 317 935 634
737 3 218 478 785
738 3 231 651 453
739 3 20 488 648
740 3 101 527 103
741 3 234 729 465
742 3 417 800 519
743 3 181 453 651
744 3 186 431 707
745 3 277 779 664
746 3 307 475 910
747 3 293 773 541
748 3 151 798 412
749 3 483 821 1021
750 3 380 664 779
751 3 346 753 567
752 3 247 820 433
753 3 186 837 431
754 3 166 692 547
755 3 230 647 406
756 3 219 992 596
757 3 281 414 871
758 3 399 1045 681
759 3 265 724 398
760 3 352 766 1017
761 3 281 655 414
762 3 83 858 430
763 3 163 568 497
764 3 206 985 415
765 3 139 680 470
766 3 978 173 394
767 3 204 922 571
768 3 47 988 686
769 3 191 461 627
770 3 249 742 866
771 3 16 804 532
772 3 213 565 382
773 3 261 560 762
774 3 155 383 975
775 3 199 456 1031
776 3 276 358 660
777 3 151 412 814
778 3 518 972 567
779 3 256 887 424
780 3 135 702 416
781 3 394 997 891
782 3 344 658 672
783 3 334 546 870
784 3 275 416 1011
785 3 295 473 761
786 3 37 479 817
787 3 207 874 492
788 3 253 756 1003
789 3 61 62 557
790 3 307 910 616
791 3 282 740 485
792 3 151 426 798
793 3 380 523 689
794 3 45 596 48
795 3 228 791 652
796 3 265 398 657
797 3 240 654 608
798 3 202 881 430
799 3 216 727 468
800 3 194 681 1045
801 3 14 482 1043
802 3 247 433 776
803 3 381 922 585
804 3 897 390 283
805 3 193 797 548
806 3 245 916 839
807 3 73 816 490
808 3 333 377 772
809 3 136 465 729
810 3 160 1017 766
811 3 295 931 800
812 3 52 54 912
813 3 280 539 533
814 3 305 523 743
815 3 52 637 914
816 3 174 677 1020
817 3 159 704 580
818 3 197 476 926
819 3 332 685 452
820 3 404 616 910
821 3 56 57 560
822 3 140 471 713
823 3 73 76 816
824 3 163 776 433
825 3 60 533 63
826 3 110 719 449
827 3 137 654 927
828 3 250 635 469
829 3 253 1003 649
830 3 225 521 602
831 3 220 490 826
832 3 202 803 435
833 3 144 964 589
834 3 267 630 547
835 3 8 487 634
836 3 259 592 537
837 3 18 508 1027
838 3 360 875 992
839 3 140 587 423
840 3 209 743 523
841 3 119 520 1019
842 3 316 612 580
843 3 274 467 710
844 3 162 655 904
845 3 151 824 426
846 3 357 588 650
847 3 35 717 598
848 3 342 522 937
849 3 432 613 956
850 3 547 692 941
851 3 299 391 861
852 3 580 704 992
853 3 188 891 997
854 3 89 820 431
855 3 230 405 1057
856 3 576 621 968
857 3 128 748 1035
858 3 139 470 706
859 3 84 957 444
860 3 270 435 803
861 3 342 579 782
862 3 270 441 1008
863 3 28 32 902
864 3 385 686 988
865 3 193 548 317
866 3 237 549 525
867 3 125 819 550
868 3 215 514 790
869 3 137 927 460
870 3 202 666 498
871 3 212 1029 508
872 3 123 555 676
873 3 422 665 609
874 3 355 485 697
875 3 284 569 636
876 3 243 718 578
877 3 335 589 1006
878 3 202 437 803
879 3 141 435 999
880 3 256 433 714
881 3 76 79 514
882 3 260 489 1035
883 3 126 480 691
884 3 289 865 697
885 3 298 768 778
886 3 195 823 462
887 3 125 377 819
888 3 283 390 793
889 3 153 525 553
890 3 136 738 465
891 3 244 464 986
892 3 323 741 808
893 3 233 559 622
894 3 281 639 763
895 3 149 462 986
896 3 133 984 679
897 3 111 466 719
898 3 173 684 788
899 3 461 1052 627
900 3 129 1007 458
901 3 270 803 437
902 3 155 472 731
903 3 201 773 439
904 3 235 549 556
905 3 286 385 988
906 3 112 871 962
907 3 157 952 930
908 3 212 684 783
909 3 100 102 722
910 3 61 557 696
911 3 33 717 35
912 3 269 470 680
913 3 235 553 525
914 3 88 605 91
915 3 149 986 464
916 3 387 590 625
917 3 275 796 416
918 3 318 577 943
919 3 353 1019 520
920 3 31 768 38
921 3 342 937 559
922 3 194 447 1001
923 3 146 601 509
924 3 577 901 943
925 3 407 927 654
926 3 224 741 617
927 3 290 615 540
928 3 35 801 37
929 3 236 618 529
930 3 93 736 454
931 3 191 735 461
932 3 267 640 996
933 3 224 617 517
934 3 363 496 1012
935 3 296 790 514
936 3 390 652 791
937 3 301 696 557
938 3 206 989 615
939 3 315 452 685
940 3 436 913 291
941 3 192 870 546
942 3 126 724 480
943 3 242 519 623
944 3 205 445 880
945 3 414 655 1015
946 3 166 547 630
947 3 280 643 539
948 3 327 548 797
949 3 435 987 666
950 3 131 834 447
951 3 162 616 502
952 3 67 72 584
953 3 150 917 608
954 3 19 565 20
955 3 251 952 339
956 3 451 982 750
957 3 309 984 601
958 3 72 496 847
959 3 210 876 494
960 3 138 561 925
961 3 130 708 445
962 3 89 486 714
963 3 274 710 672
964 3 39 683 402
965 3 816 215 826
966 3 733 1001 248
967 3 315 671 680
968 3 420 793 1039
969 3 179 877 859
970 3 358 775 550
971 3 159 580 612
972 3 25 913 436
973 3 8 573 764
974 3 303 479 801
975 3 195 454 936
976 3 149 464 688
977 3 208 532 672
978 3 487 833 634
979 3 381 590 751
980 3 195 920 454
981 3 152 969 602
982 3 142 446 782
983 3 24 623 519
984 3 59 65 469
985 3 289 765 661
986 3 57 687 560
987 3 44 852 411
988 3 161 657 545
989 3 305 461 924
990 3 202 498 881
991 3 424 615 989
992 3 373 608 917
993 3 274 716 467
994 3 138 394 891
995 3 214 483 1021
996 3 212 374 684
997 3 20 840 488
998 3 35 598 801
999 3 322 674 500
1000 3 271 926 476
1001 3 534 668 712
1002 3 140 526 603
1003 3 437 1054 701
1004 3 195 462 770
1005 3 306 455 750
1006 3 70 703 700
1007 3 203 921 459
1008 3 263 1010 448
1009 3 133 386 1050
1010 3 229 625 590
1011 3 504 1001 733
1012 3 84 89 586
1013 3 313 594 700
1014 3 209 458 743
1015 3 26 519 800
1016 3 127 888 739
1017 3 227 833 487
1018 3 255 478 965
1019 3 329 573 554
1020 3 218 466 965
1021 3 308 432 831
1022 3 30 493 742
1023 3 257 681 771
1024 3 241 815 474
1025 3 147 786 540
1026 3 272 648 488
1027 3 261 675 560
1028 3 466 744 965
1029 3 305 1007 595
1030 3 295 417 855
1031 3 258 569 632
1032 3 269 509 878
1033 3 50 503 637
1034 3 331 857 443
1035 3 255 965 744
1036 3 59 469 635
1037 3 36 552 900
1038 3 154 689 523
1039 3 194 1001 504
1040 3 227 963 510
1041 3 275 706 796
1042 3 330 460 927
1043 3 324 617 741
1044 3 19 958 567
1045 3 194 504 681
1046 3 304 693 605
1047 3 289 661 610
1048 3 158 556 549
1049 3 143 785 478
1050 3 218 965 478
1051 3 375 527 649
1052 3 274 672 532
1053 3 421 739 888
1054 3 261 1009 457
1055 3 231 507 651
1056 3 265 659 480
1057 3 226 998 645
1058 3 292 676 555
1059 3 314 605 693
1060 3 397 548 930
1061 3 128 572 878
1062 3 53 670 58
1063 3 439 645 998
1064 3 265 480 724
1065 3 185 469 863
1066 3 157 327 746
1067 3 236 786 576
1068 3 203 775 542
1069 3 302 421 888
1070 3 146 509 671
1071 3 81 1004 957
1072 3 343 571 922
1073 3 19 20 958
1074 3 224 517 983
1075 3 251 397 930
1076 3 311 770 544
1077 3 56 560 675
1078 3 170 483 810
1079 3 177 473 855
1080 3 188 668 329
1081 3 271 476 869
1082 3 312 977 497
1083 3 324 498 666
1084 3 185 863 484
1085 3 215 463 826
1086 3 36 37 817
1087 3 357 1035 489
1088 3 227 510 975
1089 3 161 885 477
1090 3 305 743 1007
1091 3 44 411 784
1092 3 343 751 758
1093 3 490 816 826
1094 3 197 909 500
1095 3 213 382 1029
1096 3 44 46 852
1097 3 109 871 112
1098 3 17 721 913
1099 3 150 495 917
1100 3 243 702 481
1101 3 10 750 1040
1102 3 245 760 591
1103 3 166 630 610
1104 3 237 525 890
1105 3 355 697 865
1106 3 334 752 546
1107 3 332 767 488
1108 3 13 721 17
1109 3 62 884 571
1110 3 428 1036 486
1111 3 9 764 534
1112 3 620 918 669
1113 3 207 862 471
1114 3 288 610 630
1115 3 71 463 1012
1116 3 307 846 475
1117 3 347 690 956
1118 3 84 444 945
1119 3 238 480 1053
1120 3 365 1002 633
1121 3 334 825 611
1122 3 146 671 656
1123 3 91 736 93
1124 3 256 1036 887
1125 3 320 526 682
1126 3 21 774 947
1127 3 139 792 453
1128 3 260 509 601
1129 3 413 943 707
1130 3 161 1048 657
1131 3 268 594 864
1132 3 78 438 1004
1133 3 422 915 619
1134 3 246 512 835
1135 3 127 652 897
1136 3 263 862 1024
1137 3 263 587 713
1138 3 286 757 385
1139 3 49 686 503
1140 3 646 909 967
1141 3 143 478 838
1142 3 10 712 11
1143 3 313 703 477
1144 3 315 656 671
1145 3 167 697 485
1146 3 237 1038 549
1147 3 142 747 537
1148 3 56 620 669
1149 3 43 970 45
1150 3 347 900 552
1151 3 428 887 1036
1152 3 28 467 716
1153 3 95 641 97
1154 3 300 762 560
1155 3 245 561 916
1156 3 168 781 646
1157 3 248 1001 834
1158 3 172 966 599
1159 3 199 809 456
1160 3 253 649 527
1161 3 374 1043 482
1162 3 200 928 1018
1163 3 253 527 1044
1164 3 225 564 720
1165 3 176 1039 793
1166 3 26 800 29
1167 3 165 867 607
1168 3 263 513 1010
1169 3 165 718 867
1170 3 129 574 808
1171 3 126 476 674
1172 3 315 685 656
1173 3 506 1013 808
1174 3 25 436 778
1175 3 222 505 709
1176 3 380 954 664
1177 3 456 809 665
1178 3 545 657 1000
1179 3 382 1027 508
1180 3 81 957 84
1181 3 323 808 574
1182 3 217 683 562
1183 3 29 931 695
1184 3 234 970 614
1185 3 1013 129 808
1186 3 463 600 826
1187 3 299 694 795
1188 3 154 632 569
1189 3 237 1026 1038
1190 3 158 889 500
1191 3 282 784 740
1192 3 180 690 1010
1193 3 149 756 544
1194 3 285 849 973
1195 3 211 479 629
1196 3 269 680 671
1197 3 186 707 943
1198 3 15 1043 508
1199 3 358 813 660
1200 3 372 599 966
1201 3 366 928 553
1202 3 354 622 1047
1203 3 390 897 652
1204 3 273 499 939
1205 3 395 853 955
1206 3 313 477 885
1207 3 259 597 938
1208 3 138 916 561
1209 3 345 860 550
1210 3 222 949 505
1211 3 447 834 1001
1212 3 290 529 951
1213 3 78 1004 81
1214 3 295 800 417
1215 3 197 491 967
1216 3 264 854 872
1217 3 192 660 813
1218 3 335 623 947
1219 3 40 562 683
1220 3 601 984 726
1221 3 267 624 630
1222 3 411 740 784
1223 3 57 60 687
1224 3 269 671 509
1225 3 79 950 514
1226 3 576 786 1039
1227 3 328 734 824
1228 3 249 611 742
1229 3 258 636 569
1230 3 6 591 760
1231 3 368 795 694
1232 3 136 1024 492
1233 3 279 827 535
1234 3 14 15 755
1235 3 395 771 853
1236 3 278 754 524
1237 3 22 28 716
1238 3 170 531 1053
1239 3 291 913 721
1240 3 351 1041 626
1241 3 41 614 43
1242 3 23 825 774
1243 3 39 40 683
1244 3 165 607 1057
1245 3 137 653 585
1246 3 345 851 731
1247 3 455 487 1040
1248 3 223 493 613
1249 3 106 639 109
1250 3 414 962 871
1251 3 180 956 690
1252 3 139 706 792
1253 3 450 553 928
1254 3 222 709 522
1255 3 145 853 771
1256 3 165 1057 631
1257 3 81 524 754
1258 3 271 955 853
1259 3 17 913 25
1260 3 266 829 501
1261 3 163 977 511
1262 3 154 569 689
1263 3 47 686 49
1264 3 486 1036 714
1265 3 284 636 901
1266 3 213 593 656
1267 3 206 497 989
1268 3 253 1044 581
1269 3 343 758 557
1270 3 347 552 690
1271 3 124 501 829
1272 3 117 939 499
1273 3 349 942 918
1274 3 295 855 473
1275 3 340 967 1056
1276 3 99 1044 101
1277 3 123 730 725
1278 3 198 734 517
1279 3 214 543 769
1280 3 99 581 1044
1281 3 14 755 451
1282 3 320 869 691
1283 3 255 558 728
1284 3 288 481 856
1285 3 213 656 685
1286 3 227 455 963
1287 3 146 593 783
1288 3 328 506 983
1289 3 344 489 893
1290 3 174 758 751
1291 3 408 911 502
1292 3 308 896 432
1293 3 327 930 548
1294 3 187 633 1002
1295 3 172 599 728
1296 3 274 532 804
1297 3 297 385 832
1298 3 265 821 659
1299 3 254 595 1013
1300 3 125 550 860
1301 3 10 11 750
1302 3 224 983 506
1303 3 172 728 907
1304 3 517 734 983
1305 3 74 78 1030
1306 3 354 576 968
1307 3 166 610 661
1308 3 18 972 518
1309 3 57 669 533
1310 3 328 848 506
1311 3 239 809 530
1312 3 221 915 518
1313 3 350 909 646
1314 3 492 1024 862
1315 3 262 788 482
1316 3 49 50 667
1317 3 46 51 757
1318 3 185 918 942
1319 3 288 644 610
1320 3 284 689 569
1321 3 381 585 653
1322 3 178 535 827
1323 3 264 564 906
1324 3 250 942 349
1325 3 283 575 879
1326 3 491 1056 967
1327 3 353 606 907
1328 3 116 939 117
1329 3 238 1053 531
1330 3 220 826 600
1331 3 345 731 860
1332 3 36 817 552
1333 3 288 630 624
1334 3 145 504 733
1335 3 121 122 678
1336 3 175 715 682
1337 3 230 1037 647
1338 3 110 111 719
1339 3 59 635 1046
1340 3 337 725 730
1341 3 350 646 781
1342 3 418 647 1037
1343 3 199 530 809
1344 3 341 728 558
1345 3 448 1010 690
1346 3 346 648 732
1347 3 215 816 514
1348 3 1000 205 880
1349 3 294 769 543
1350 3 326 518 915
1351 3 301 758 1020
1352 3 70 543 703
1353 3 431 837 586
1354 3 130 787 1023
1355 3 199 1031 772
1356 3 89 945 486
1357 3 461 953 924
1358 3 56 669 57
1359 3 210 502 971
1360 3 271 853 491
1361 3 75 701 77
1362 3 172 907 606
1363 3 220 600 539
1364 3 115 120 898
1365 3 154 924 953
1366 3 301 557 758
1367 3 114 723 116
1368 3 34 940 493
1369 3 255 728 599
1370 3 220 539 643
1371 3 389 571 884
1372 3 388 772 1031
1373 3 239 530 883
1374 3 239 665 809
1375 3 165 578 718
1376 3 197 926 491
1377 3 257 598 717
1378 3 104 105 698
1379 3 322 500 889
1380 3 167 485 740
1381 3 84 945 89
1382 3 285 661 765
1383 3 168 638 647
1384 3 370 1037 607
1385 3 267 805 624
1386 3 312 511 977
1387 3 356 957 1004
1388 3 2 443 857
1389 3 300 560 687
1390 3 371 973 849
1391 3 509 748 878
1392 3 364 768 699
1393 3 264 872 564
1394 3 213 1029 593
1395 3 4 6 760
1396 3 16 22 804
1397 3 163 497 977
1398 3 336 847 496
1399 3 362 1041 780
1400 3 415 985 722
1401 3 297 503 686
1402 3 42 44 784
1403 3 255 744 558
1404 3 362 1028 1041
1405 3 127 528 888
1406 3 341 678 907
1407 3 379 990 802
1408 3 294 516 836
1409 3 253 544 756
1410 3 260 748 509
1411 3 127 897 528
1412 3 276 721 822
1413 3 19 1027 565
1414 3 65 863 469
1415 3 152 981 762
1416 3 281 763 551
1417 3 207 492 862
1418 3 406 647 638
1419 3 303 711 873
1420 3 230 607 1037
1421 3 290 722 985
1422 3 362 720 1028
1423 3 341 907 728
1424 3 183 846 551
1425 3 183 551 763
1426 3 236 540 786
1427 3 1 894 3
1428 3 204 923 585
1429 3 279 535 933
1430 3 170 1053 659
1431 3 315 908 452
1432 3 156 797 459
1433 3 180 1010 831
1434 3 306 510 963
1435 3 265 1048 821
1436 3 363 1012 463
1437 3 5 396 1016
1438 3 270 1008 563
1439 3 134 959 521
1440 3 207 501 807
1441 3 80 858 83
1442 3 272 488 980
1443 3 115 898 558
1444 3 322 886 674
1445 3 133 893 726
1446 3 369 925 561
1447 3 250 637 503
1448 3 388 947 774
1449 3 281 871 639
1450 3 8 935 573
1451 3 268 700 594
1452 3 296 514 950
1453 3 329 668 534
1454 3 258 586 837
1455 3 8 764 9
1456 3 174 751 590
1457 3 279 545 880
1458 3 272 732 648
1459 3 241 597 815
1460 3 344 976 489
1461 3 360 992 704
1462 3 400 759 919
1463 3 307 551 846
1464 3 186 636 837
1465 3 140 713 587
1466 3 395 873 711
1467 3 545 1000 880
1468 3 306 963 455
1469 3 445 708 880
1470 3 305 924 523
1471 3 435 563 999
1472 3 243 1011 702
1473 3 374 508 1043
1474 3 293 541 844
1475 3 304 605 794
1476 3 214 1055 543
1477 3 257 711 598
1478 3 25 778 31
1479 3 94 96 1047
1480 3 425 517 993
1481 3 98 951 529
1482 3 58 844 64
1483 3 34 36 900
1484 3 359 872 854
1485 3 254 1013 848
1486 3 332 488 840
1487 3 181 651 861
1488 3 296 950 949
1489 3 320 682 715
1490 3 450 1028 720
1491 3 286 604 737
1492 3 275 1011 578
1493 3 97 845 99
1494 3 101 1044 527
1495 3 78 81 754
1496 3 88 794 605
1497 3 227 975 833
1498 3 480 659 1053
1499 3 285 737 604
1500 3 136 513 1024
1501 3 252 941 692
1502 3 76 514 816
1503 3 271 491 926
1504 3 213 1022 565
1505 3 283 528 897
1506 3 228 1051 495
1507 3 146 656 593
1508 3 99 845 581
1509 3 280 669 918
1510 3 331 515 894
1511 3 290 951 722
1512 3 153 890 525
1513 3 353 907 678
1514 3 19 567 972
1515 3 289 610 644
1516 3 171 929 538
1517 3 143 642 785
1518 3 73 490 892
1519 3 212 783 593
1520 3 387 1023 854
1521 3 306 799 510
1522 3 262 712 668
1523 3 64 844 541
1524 3 154 523 924
1525 3 325 474 850
1526 3 125 472 883
1527 3 10 534 712
1528 3 212 593 1029
1529 3 232 582 911
1530 3 259 777 592
1531 3 160 546 752
1532 3 7 822 13
1533 3 87 90 937
1534 3 239 609 665
1535 3 51 55 832
1536 3 48 875 53
1537 3 416 702 1011
1538 3 261 566 1009
1539 3 55 59 1046
1540 3 341 558 898
1541 3 148 896 583
1542 3 300 749 762
1543 3 87 937 522
1544 3 155 975 510
1545 3 63 539 1025
1546 3 331 894 857
1547 3 132 954 577
1548 3 47 849 604
1549 3 326 974 518
1550 3 260 601 726
1551 3 5 1016 7
1552 3 325 923 474
1553 3 329 764 573
1554 3 225 906 564
1555 3 321 547 941
1556 3 68 73 892
1557 3 119 1019 122
1558 3 419 698 1049
1559 3 245 591 948
1560 3 258 837 636
1561 3 286 960 852
1562 3 233 622 968
1563 3 319 521 959
1564 3 302 888 528
1565 3 85 794 88
1566 3 497 568 989
1567 3 105 1049 698
1568 3 327 797 882
1569 3 116 723 939
1570 3 263 1024 513
1571 3 337 626 1018
1572 3 284 901 577
1573 3 319 981 602
1574 3 505 949 950
1575 3 132 577 895
1576 3 307 904 551
1577 3 169 802 990
1578 3 318 895 577
1579 3 244 986 823
1580 3 241 938 597
1581 3 89 714 820
1582 3 285 765 737
1583 3 427 1038 1026
1584 3 351 626 805
1585 3 337 929 626
1586 3 96 618 1047
1587 3 323 802 818
1588 3 125 883 530
1589 3 13 822 721
1590 3 308 583 896
1591 3 293 704 961
1592 3 462 823 986
1593 3 208 948 591
1594 3 201 563 1008
1595 3 1 2 857
1596 3 161 545 933
1597 3 339 839 916
1598 3 277 688 779
1599 3 72 847 584
1600 3 286 988 604
1601 3 120 121 1005
1602 3 152 762 749
1603 3 187 1009 566
1604 3 150 608 850
1605 3 230 1057 607
1606 3 391 767 861
1607 3 179 592 777
1608 3 268 812 700
1609 3 107 108 830
1610 3 153 564 872
1611 3 263 713 862
1612 3 178 864 594
1613 3 279 933 545
1614 3 136 1032 513
1615 3 145 1056 853
1616 3 311 581 845
1617 3 301 969 749
1618 3 78 754 1030
1619 3 513 831 1010
1620 3 323 818 741
1621 3 303 598 711
1622 3 171 626 929
1623 3 245 839 663
1624 3 338 1045 695
1625 3 285 604 849
1626 3 228 747 791
1627 3 269 878 572
1628 3 310 759 645
1629 3 8 634 935
1630 3 398 886 934
1631 3 283 879 528
1632 3 167 737 765
1633 3 343 922 751
1634 3 278 632 953
1635 3 22 716 804
1636 3 398 1000 657
1637 3 171 805 626
1638 3 314 693 990
1639 3 20 565 840
1640 3 293 961 773
1641 3 162 582 1015
1642 3 131 899 834
1643 3 354 968 622
1644 3 15 974 755
1645 3 166 661 973
1646 3 98 100 951
1647 3 176 576 1039
1648 3 226 645 759
1649 3 148 699 932
1650 3 166 973 692
1651 3 347 613 940
1652 3 393 835 829
1653 3 289 644 865
1654 3 286 737 960
1655 3 138 891 916
1656 3 242 623 1006
1657 3 429 999 563
1658 3 322 934 886
1659 3 174 1014 677
1660 3 156 882 797
1661 3 151 662 824
1662 3 300 696 749
1663 3 254 1052 595
1664 3 276 822 542
1665 3 313 885 535
1666 3 424 989 568
1667 3 197 967 909
1668 3 271 869 715
1669 3 316 580 991
1670 3 392 789 827
1671 3 325 850 608
1672 3 395 711 771
1673 3 114 962 723
1674 3 336 496 877
1675 3 150 815 597
1676 3 399 695 1045
1677 3 328 824 662
1678 3 471 862 713
1679 3 314 990 745
1680 3 285 973 661
1681 3 58 670 844
1682 3 66 1025 600
1683 3 329 534 764
1684 3 173 978 679
1685 3 336 938 847
1686 3 245 663 760
1687 3 68 892 484
1688 3 77 1054 80
1689 3 107 830 1049
1690 3 284 577 954
1691 3 376 1021 821
1692 3 491 853 1056
1693 3 192 546 905
1694 3 321 941 633
1695 3 316 874 612
1696 3 171 624 805
1697 3 372 838 599
1698 3 206 615 985
1699 3 126 674 886
1700 3 301 749 696
1701 3 219 991 580
1702 3 381 751 922
1703 3 207 807 874
1704 3 328 662 848
1705 3 585 923 1033
1706 3 273 1015 582
1707 3 164 795 868
1708 3 378 785 642
1709 3 289 697 765
1710 3 52 914 54
1711 3 254 848 662
1712 3 47 604 988
1713 3 152 602 981
1714 3 370 607 867
1715 3 298 699 768
1716 3 244 979 574
1717 3 348 791 747
1718 3 112 962 114
1719 3 382 565 1027
1720 3 242 589 964
1721 3 243 578 1011
1722 3 296 673 859
1723 3 219 580 992
1724 3 18 19 972
1725 3 404 910 895
1726 3 90 559 937
1727 3 124 829 835
1728 3 132 664 954
1729 3 156 459 921
1730 3 273 939 723
1731 3 157 663 839
1732 3 54 914 620
1733 3 105 107 1049
1734 3 167 740 960
1735 3 303 801 598
1736 3 20 648 958
1737 3 346 567 958
1738 3 278 953 735
1739 3 257 771 711
1740 3 254 627 1052
1741 3 287 867 718
1742 3 383 833 975
1743 3 321 570 1042
1744 3 319 959 570
1745 3 186 943 901
1746 3 242 1006 589
1747 3 221 619 915
1748 3 167 765 697
1749 3 307 616 904
1750 3 129 1013 595
1751 3 301 1020 969
1752 3 310 807 919
1753 3 63 1025 66
1754 3 154 953 632
1755 3 339 916 891
1756 3 379 802 979
1757 3 252 633 941
1758 3 493 940 613
1759 3 296 859 790
1760 3 48 596 875
1761 3 132 895 910
1762 3 311 845 641
1763 3 280 533 669
1764 3 412 769 814
1765 3 406 834 899
1766 3 181 861 767
1767 3 178 827 789
1768 3 237 787 1026
1769 3 125 860 472
1770 3 311 641 920
1771 3 1 857 894
1772 3 129 595 1007
1773 3 77 701 1054
1774 3 97 641 845
1775 3 161 933 885
1776 3 158 549 1038
1777 3 162 904 616
1778 3 539 600 1025
1779 3 274 804 716
1780 3 293 844 670
1781 3 315 680 908
1782 3 546 946 905
1783 3 14 1043 15
1784 3 256 714 1036
1785 3 133 1050 658
1786 3 203 550 775
1787 3 398 724 886
1788 3 109 639 871
1789 3 288 856 644
1790 3 18 1027 19
1791 3 368 868 795
1792 3 319 566 981
1793 3 162 1015 655
1794 3 290 985 615
1795 3 305 595 1052
1796 3 433 820 714
1797 3 133 658 893
1798 3 384 1003 756
1799 3 71 1012 496
1800 3 377 813 819
1801 3 122 1019 678
1802 3 517 617 993
1803 3 169 818 802
1804 3 502 616 971
1805 3 379 745 990
1806 3 481 702 856
1807 3 179 859 673
1808 3 135 644 856
1809 3 195 936 745
1810 3 369 658 1050
1811 3 411 852 960
1812 3 135 865 644
1813 3 141 993 617
1814 3 279 880 708
1815 3 43 614 970
1816 3 324 987 617
1817 3 3 894 515
1818 3 262 668 997
1819 3 346 958 648
1820 3 175 955 715
1821 3 170 659 821
1822 3 432 896 806
1823 3 404 971 616
1824 3 242 964 705
1825 3 139 908 680
1826 3 186 901 636
1827 3 141 617 987
1828 3 386 679 978
1829 3 164 868 761
1830 3 454 920 641
1831 3 135 856 702
1832 3 324 741 818
1833 3 354 1047 618
1834 3 404 895 876
1835 3 344 893 658
1836 3 168 646 1034
1837 3 134 996 640
1838 3 160 752 1017
1839 3 325 654 1033
1840 3 495 1051 917
1841 3 210 971 876
1842 3 445 1026 787
1843 3 451 755 842
1844 3 195 770 920
1845 3 367 705 964
1846 3 363 790 859
1847 3 404 876 971
1848 3 137 585 1033
1849 3 291 905 946
1850 3 411 960 740
1851 3 347 940 900
1852 3 80 1054 858
1853 3 565 1022 840
1854 3 233 968 621
1855 3 318 876 895
1856 3 396 542 1016
1857 3 294 814 769
1858 3 160 946 546
1859 3 134 640 1042
1860 3 245 948 561
1861 3 347 956 613
1862 3 405 631 1057
1863 3 126 886 724
1864 3 437 858 1054
1865 3 311 920 770
1866 3 326 842 755
1867 3 192 905 660
1868 3 340 1034 646
1869 3 340 646 967
1870 3 535 885 933
1871 3 321 1042 640
1872 3 286 852 757
1873 3 344 710 976
1874 3 420 1039 786
1875 3 336 877 777
1876 3 271 715 955
1877 3 338 695 931
1878 3 327 882 746
1879 3 373 1051 652
1880 3 379 979 823
1881 3 324 666 987
1882 3 244 823 979
1883 3 325 1033 923
1884 3 376 821 1048
1885 3 335 1006 623
1886 3 353 678 1019
1887 3 46 757 852
1888 3 183 649 1003
1889 3 386 925 1050
1890 3 361 1020 677
1891 3 341 1005 678
1892 3 320 715 869
1893 3 148 806 896
1894 3 338 761 868
1895 3 137 1033 654
1896 3 332 1022 685
1897 3 298 932 699
1898 3 488 767 980
1899 3 458 1007 743
1900 3 272 980 843
1901 3 352 932 766
1902 3 333 825 870
1903 3 168 1034 638
1904 3 308 1032 729
1905 3 175 873 955
1906 3 159 961 704
1907 3 121 678 1005
1908 3 451 842 982
1909 3 314 936 736
1910 3 339 952 839
1911 3 182 976 710
1912 3 213 685 1022
1913 3 100 722 951
1914 3 331 746 882
1915 3 454 736 936
1916 3 472 860 731
1917 3 200 1028 928
1918 3 310 919 759
1919 3 314 745 936
1920 3 542 822 1016
1921 3 169 990 693
1922 3 158 1038 889
1923 3 120 1005 898
1924 3 264 677 1014
1925 3 461 735 953
1926 3 295 761 931
1927 3 128 878 748
1928 3 189 982 842
1929 3 371 692 973
1930 3 265 657 1048
1931 3 296 949 673
1932 3 297 1046 635
1933 3 200 1041 1028
1934 3 457 1009 1002
1935 3 228 652 1051
1936 3 391 980 767
1937 3 543 1055 703
1938 3 334 870 825
1939 3 187 1002 1009
1940 3 474 815 850
1941 3 326 755 974
1942 3 359 1023 787
1943 3 188 997 668
1944 3 358 819 813
1945 3 328 983 734
1946 3 309 679 984
1947 3 338 931 761
1948 3 513 1032 831
1949 3 297 832 1046
1950 3 134 1042 959
1951 3 439 773 961
1952 3 152 749 969
1953 3 477 703 1055
1954 3 136 729 1032
1955 3 134 780 996
1956 3 337 1018 725
1957 3 340 1056 733
1958 3 150 850 815
1959 3 349 918 620
1960 3 349 620 914
1961 3 133 726 984
1962 3 457 1002 912
1963 3 167 960 737
1964 3 317 634 833
1965 3 298 766 932
1966 3 427 889 1038
1967 3 335 947 1031
1968 3 153 872 890
1969 3 450 928 1028
1970 3 391 843 980
1971 3 316 991 738
1972 3 368 903 868
1973 3 395 955 873
1974 3 249 1017 752
1975 3 264 1014 854
1976 3 205 1000 934
1977 3 338 868 903
1978 3 260 1035 748
1979 3 570 959 1042
1980 3 306 982 799
1981 3 351 996 780
1982 3 184 811 995
1983 3 369 1050 925
1984 3 34 900 940
1985 3 365 912 1002
1986 3 356 1004 995
1987 3 308 831 1032
1988 3 194 1045 903
1989 3 179 777 877
1990 3 398 934 1000
1991 3 438 995 1004
1992 3 361 969 1020
1993 3 397 573 935
1994 3 351 780 1041
1995 3 145 733 1056
1996 3 356 995 811
1997 3 388 1031 947
1998 3 359 890 872
1999 3 365 994 912
2000 3 52 912 994
2001 3 506 848 1013
2002 3 359 854 1023
2003 3 387 854 1014
2004 3 157 839 952
2005 3 249 866 1017
2006 3 7 1016 822
2007 3 341 898 1005
2008 3 189 799 982
2009 3 338 903 1045
2010 3 55 1046 832
2011 3 332 840 1022
2012 3 352 1017 866
2013 3 373 917 1051
2014 3 21 23 774
2015 3 50 52 994
2016 3 62 67 884
